version 2
run General-17-20141111-14:44:26-8684
attr configname General
attr datetime 20141111-14:44:26
attr experiment General
attr inifile routerTerminal.ini
attr iterationvars ""
attr iterationvars2 $repetition=17
attr measurement ""
attr network Network1
attr processid 8684
attr repetition 17
attr replication #17
attr resultdir results
attr runnumber 17
attr seedset 17

vector 0  Network1.queue1  queueLength:vector  ETV
attr interpolationmode  sample-hold
attr title  "queue length, vector"
vector 1  Network1.queue2  queueLength:vector  ETV
attr interpolationmode  sample-hold
attr title  "queue length, vector"
vector 2  Network1.queue3  queueLength:vector  ETV
attr interpolationmode  sample-hold
attr title  "queue length, vector"
vector 3  Network1.queue4  queueLength:vector  ETV
attr interpolationmode  sample-hold
attr title  "queue length, vector"
vector 4  Network1.allocate  queueLength:vector  ETV
attr interpolationmode  sample-hold
attr title  "queue length, vector"
0	0	0	0
0	41	0.0005	1
0	58	1.0005	2
0	61	1.5005	3
0	89	3.0005	4
0	93	4.0005	3
0	107	8.0005	2
0	121	11.5005	3
0	122	12.0005	2
0	132	12.0005	3
0	135	13.0005	4
0	138	16.0005	3
0	146	17.5005	4
0	149	20.0005	3
0	158	24.0005	2
0	170	28.0005	1
0	178	28.0005	2
0	181	28.5005	3
0	184	29.0005	4
0	185	32.0005	3
0	199	36.0005	2
0	224	40.0005	1
0	253	44.0005	0
0	257	44.0005	1
0	269	46.5005	2
0	277	47.5005	3
0	278	48.0005	2
0	283	48.0005	3
0	294	51.5005	4
0	295	52.0005	3
0	313	56.0005	2
0	337	60.0005	1
0	345	60.0005	2
0	348	60.5005	3
0	360	64.0005	2
0	370	64.0005	3
0	379	68.0005	2
0	398	71.0005	3
0	399	71.0005	4
0	400	72.0005	3
0	405	73.5005	4
0	408	76.0005	3
0	410	76.0005	4
0	411	80.0005	3
0	427	81.5005	4
0	430	84.0005	3
0	435	85.0005	4
0	438	88.0005	3
0	449	92.0005	2
0	453	92.0005	3
0	461	96.0005	2
0	466	96.0005	3
0	473	100.0005	2
0	481	101.0005	3
0	484	101.5005	4
0	485	104.0005	3
0	501	108.0005	2
0	505	108.0005	3
0	512	111.5005	4
0	513	112.0005	3
0	515	112.0005	4
0	516	116.0005	3
0	521	118.0005	4
0	522	120.0005	3
0	524	120.0005	4
0	525	124.0005	3
0	539	128.0005	2
0	546	129.0005	3
0	547	129.0005	4
0	548	132.0005	3
0	550	132.0005	4
0	551	136.0005	3
0	559	137.0005	4
0	560	140.0005	3
0	567	140.0005	4
0	568	144.0005	3
0	584	147.5005	4
0	585	148.0005	3
0	587	148.0005	4
0	592	152.0005	3
0	609	153.0005	4
0	614	156.0005	3
0	630	160.0005	2
0	635	160.5005	3
0	642	164.0005	2
0	647	164.0005	3
0	657	168.0005	2
0	677	172.0005	1
0	682	172.0005	2
0	685	172.0005	3
0	691	176.0005	2
0	701	177.5005	3
0	704	178.0005	4
0	705	180.0005	3
0	718	180.0005	4
0	723	184.0005	3
0	738	186.0005	4
0	739	188.0005	3
0	755	191.5005	4
0	756	192.0005	3
0	763	193.5005	4
0	764	196.0005	3
0	769	196.0005	4
0	772	200.0005	3
0	781	204.0005	2
0	792	207.0005	3
0	793	208.0005	2
0	798	208.5005	3
0	801	209.0005	4
0	802	212.0005	3
0	811	216.0005	2
0	826	220.0005	1
0	842	221.5005	2
0	849	224.0005	1
0	853	224.0005	2
0	866	226.5005	3
0	867	228.0005	2
0	885	232.0005	1
0	900	233.5005	2
0	906	236.0005	1
0	934	238.0005	2
0	939	238.5005	3
0	944	240.0005	2
0	952	240.0005	3
0	961	244.0005	2
0	969	244.5005	3
0	978	248.0005	2
0	983	248.5005	3
0	993	252.0005	2
0	1001	254.5005	3
0	1005	256.0005	2
0	1009	256.0005	3
0	1013	257.0005	4
0	1014	260.0005	3
0	1028	264.0005	2
0	1032	264.0005	3
0	1042	266.0005	4
0	1043	268.0005	3
0	1045	268.0005	4
0	1048	272.0005	3
0	1060	276.0005	2
0	1077	280.0005	1
0	1094	283.5005	2
0	1095	284.0005	1
0	1125	288.0005	0
0	1137	289.5005	1
0	1150	292.0005	0
0	1152	292.0005	1
0	1164	293.5005	2
0	1172	296.0005	1
0	1189	300.0005	0
0	1191	300.0005	1
0	1207	304.0005	0
0	1214	304.0005	1
0	1233	307.5005	2
0	1235	308.0005	1
0	1249	310.5005	2
0	1252	311.5005	3
0	1253	312.0005	2
0	1261	313.5005	3
0	1269	315.5005	4
0	1270	316.0005	3
0	1278	320.0005	2
0	1297	322.0005	3
0	1298	324.0005	2
0	1303	324.0005	3
0	1314	325.0005	4
0	1317	328.0005	3
0	1323	332.0005	2
0	1327	332.0005	3
0	1328	332.0005	4
0	1329	336.0005	3
0	1331	336.0005	4
0	1332	340.0005	3
0	1340	341.0005	4
0	1341	344.0005	3
0	1343	344.0005	4
0	1346	348.0005	3
0	1355	352.0005	2
0	1357	352.0005	3
0	1363	354.5005	4
0	1364	356.0005	3
0	1372	357.0005	4
0	1375	360.0005	3
0	1384	364.0005	2
0	1399	368.0005	1
0	1403	368.0005	2
0	1412	370.0005	3
0	1414	372.0005	2
0	1419	372.0005	3
0	1422	373.5005	4
0	1423	376.0005	3
0	1432	380.0005	2
0	1437	380.0005	3
0	1454	384.0005	2
0	1464	385.5005	3
0	1468	386.5005	4
0	1469	388.0005	3
0	1471	388.0005	4
0	1472	392.0005	3
0	1486	396.0005	2
0	1499	397.5005	3
0	1503	400.0005	2
0	1511	400.5005	3
0	1517	404.0005	2
0	1534	407.5005	3
0	1535	408.0005	2
0	1543	409.0005	3
0	1553	412.0005	2
0	1578	416.0005	1
0	1586	416.0005	2
0	1594	417.5005	3
0	1600	420.0005	2
0	1628	424.0005	1
0	1647	428.0005	0
0	1649	428.0005	1
0	1678	431.5005	2
0	1679	432.0005	1
0	1683	432.0005	2
0	1690	433.0005	3
0	1698	436.0005	2
0	1718	439.5005	3
0	1719	440.0005	2
0	1724	440.0005	3
0	1733	444.0005	2
0	1738	444.0005	3
0	1745	448.0005	2
0	1762	451.5005	3
0	1763	452.0005	2
0	1779	455.5005	3
0	1780	456.0005	2
0	1782	456.0005	3
0	1785	457.5005	4
0	1786	460.0005	3
0	1788	460.0005	4
0	1789	464.0005	3
0	1794	466.0005	4
0	1795	468.0005	3
0	1800	469.0005	4
0	1801	472.0005	3
0	1812	473.0005	4
0	1815	476.0005	3
0	1825	477.0005	4
0	1828	480.0005	3
0	1833	480.0005	4
0	1836	484.0005	3
0	1852	487.5005	4
0	1853	488.0005	3
0	1872	492.0005	2
0	1880	493.0005	3
0	1885	493.5005	4
0	1886	496.0005	3
0	1898	500.0005	2
0	1908	500.0005	3
0	1935	503.5005	4
0	1936	504.0005	3
0	1941	504.0005	4
0	1950	508.0005	3
0	1955	509.5005	4
0	1956	512.0005	3
0	1965	516.0005	2
0	1998	519.5005	3
0	2002	519.5005	4
0	2003	520.0005	3
0	2020	524.0005	2
0	2025	525.0005	3
0	2028	525.5005	4
0	2029	528.0005	3
0	2040	529.0005	4
0	2043	532.0005	3
0	2054	536.0005	2
0	2056	536.0005	3
0	2067	538.5005	4
0	2068	540.0005	3
0	2085	544.0005	2
0	2100	548.0005	1
0	2106	548.0005	2
0	2125	552.0005	1
0	2138	553.5005	2
0	2143	556.0005	1
0	2157	556.5005	2
0	2171	559.5005	3
0	2172	560.0005	2
0	2178	560.0005	3
0	2179	560.0005	4
0	2180	564.0005	3
0	2191	567.5005	4
0	2192	568.0005	3
0	2201	572.0005	2
0	2203	572.0005	3
0	2213	576.0005	2
0	2220	577.0005	3
0	2224	580.0005	2
0	2228	580.0005	3
0	2229	580.0005	4
0	2230	584.0005	3
0	2244	588.0005	2
0	2248	588.0005	3
0	2256	592.0005	2
0	2270	595.5005	3
0	2271	596.0005	2
0	2273	596.0005	3
0	2279	599.0005	4
0	2280	600.0005	3
0	2285	602.0005	4
0	2286	604.0005	3
0	2288	604.0005	4
0	2289	608.0005	3
0	2298	612.0005	2
0	2316	616.0005	1
0	2338	617.5005	2
0	2354	620.0005	1
0	2378	621.5005	2
0	2381	622.0005	3
0	2384	624.0005	2
0	2398	625.0005	3
0	2408	627.0005	4
0	2409	628.0005	3
0	2419	631.5005	4
0	2420	632.0005	3
0	2425	633.0005	4
0	2426	636.0005	3
0	2428	636.0005	4
0	2429	640.0005	3
0	2431	640.0005	4
0	2432	644.0005	3
0	2441	648.0005	2
0	2455	651.0005	3
0	2456	652.0005	2
0	2478	655.0005	3
0	2480	656.0005	2
0	2490	656.0005	3
0	2497	657.0005	4
0	2498	660.0005	3
0	2509	664.0005	2
0	2513	664.0005	3
0	2514	664.0005	4
0	2515	668.0005	3
0	2542	672.0005	2
0	2562	675.5005	3
0	2563	676.0005	2
0	2583	680.0005	1
0	2588	680.0005	2
0	2603	684.0005	1
0	2613	684.0005	2
0	2616	684.5005	3
0	2619	685.0005	4
0	2622	688.0005	3
0	2627	689.0005	4
0	2628	692.0005	3
0	2637	696.0005	2
0	2643	696.0005	3
0	2647	697.0005	4
0	2648	700.0005	3
0	2656	702.0005	4
0	2659	704.0005	3
0	2675	707.5005	4
0	2676	708.0005	3
0	2684	712.0005	2
0	2689	712.0005	3
0	2692	713.0005	4
0	2693	716.0005	3
0	2702	720.0005	2
0	2710	721.0005	3
0	2714	724.0005	2
0	2739	728.0005	1
0	2743	728.0005	2
0	2757	732.0005	1
0	2780	736.0005	0
0	2791	736.0005	1
0	2794	737.0005	2
0	2810	740.0005	1
0	2825	741.0005	2
0	2836	743.0005	3
0	2839	743.5005	4
0	2840	744.0005	3
0	2847	745.0005	4
0	2848	748.0005	3
0	2850	748.0005	4
0	2851	752.0005	3
0	2853	752.0005	4
0	2854	756.0005	3
0	2856	756.0005	4
0	2857	760.0005	3
0	2866	764.0005	2
0	2878	768.0005	1
0	2904	772.0005	0
0	2930	774.0005	1
0	2933	775.0005	2
0	2934	776.0005	1
0	2939	776.0005	2
0	2952	780.0005	1
0	2973	784.0005	0
0	2992	785.0005	1
0	3005	787.0005	2
0	3006	788.0005	1
0	3023	790.0005	2
0	3032	792.0005	1
0	3046	796.0005	0
0	3062	797.0005	1
0	3068	798.0005	2
0	3074	800.0005	1
0	3078	800.0005	2
0	3091	802.0005	3
0	3095	804.0005	2
0	3097	804.0005	3
0	3109	808.0005	2
0	3114	808.0005	3
0	3123	812.0005	2
0	3138	816.0005	1
0	3140	816.0005	2
0	3143	816.5005	3
0	3150	820.0005	2
0	3160	822.0005	3
0	3162	824.0005	2
0	3173	825.5005	3
0	3177	828.0005	2
0	3191	830.0005	3
0	3192	832.0005	2
0	3208	834.0005	3
0	3212	836.0005	2
0	3225	837.5005	3
0	3232	840.0005	2
0	3249	844.0005	1
0	3254	844.0005	2
0	3282	848.0005	1
0	3300	850.5005	2
0	3303	851.5005	3
0	3304	852.0005	2
0	3318	854.0005	3
0	3322	856.0005	2
0	3341	859.0005	3
0	3342	860.0005	2
0	3358	863.5005	3
0	3359	864.0005	2
0	3386	867.0005	3
0	3387	868.0005	2
0	3392	868.0005	3
0	3395	868.0005	4
0	3398	872.0005	3
0	3403	873.0005	4
0	3404	876.0005	3
0	3420	878.0005	4
0	3423	880.0005	3
0	3428	881.5005	4
0	3429	884.0005	3
0	3434	885.5005	4
0	3435	888.0005	3
0	3444	892.0005	2
0	3452	893.0005	3
0	3459	896.0005	2
0	3467	897.0005	3
0	3471	900.0005	2
0	3479	900.0005	3
0	3488	904.0005	2
0	3505	907.0005	3
0	3506	908.0005	2
0	3514	909.5005	3
0	3518	912.0005	2
0	3536	913.0005	3
0	3539	914.0005	4
0	3540	916.0005	3
0	3545	917.0005	4
0	3546	920.0005	3
0	3555	924.0005	2
0	3566	926.5005	3
0	3567	928.0005	2
0	3571	928.0005	3
0	3578	932.0005	2
0	3592	932.0005	3
0	3595	934.0005	4
0	3596	936.0005	3
0	3621	940.0005	2
0	3629	940.5005	3
0	3651	944.0005	2
0	3662	944.0005	3
0	3675	948.0005	2
0	3680	948.0005	3
0	3687	952.0005	2
0	3710	956.0005	1
0	3717	956.5005	2
0	3724	959.5005	3
0	3725	960.0005	2
0	3736	960.0005	3
0	3750	964.0005	2
0	3757	964.0005	3
0	3760	966.0005	4
0	3761	968.0005	3
0	3763	968.0005	4
0	3764	972.0005	3
0	3791	976.0005	2
0	3796	976.0005	3
0	3808	980.0005	2
0	3822	982.5005	3
0	3825	984.0005	2
0	3829	984.0005	3
0	3837	988.0005	2
0	3842	988.5005	3
0	3849	992.0005	2
0	3860	993.0005	3
0	3870	996.0005	2
0	3888	998.0005	3
0	3893	999.0005	4
0	3894	1000.0005	3
0	3905	1003.5005	4
0	3906	1004.0005	3
0	3914	1004.0005	4
0	3919	1008.0005	3
0	3932	1010.5005	4
0	3933	1012.0005	3
0	3935	1012.0005	4
0	3936	1016.0005	3
0	3941	1017.0005	4
0	3942	1020.0005	3
0	3944	1020.0005	4
0	3945	1024.0005	3
0	3950	1025.5005	4
0	3951	1028.0005	3
0	3953	1028.0005	4
0	3954	1032.0005	3
0	3959	1034.0005	4
0	3960	1036.0005	3
0	3966	1040.0005	2
0	3977	1042.0005	3
0	3978	1044.0005	2
0	3989	1044.0005	3
0	3997	1045.0005	4
0	4000	1048.0005	3
0	4010	1051.0005	4
0	4011	1052.0005	3
0	4023	1056.0005	2
0	4036	1059.5005	3
0	4037	1060.0005	2
0	4051	1062.5005	3
0	4055	1064.0005	2
0	4074	1067.0005	3
0	4075	1068.0005	2
0	4099	1071.0005	3
0	4100	1072.0005	2
0	4105	1072.0005	3
0	4117	1076.0005	2
0	4119	1076.0005	3
0	4126	1080.0005	2
0	4131	1080.5005	3
0	4134	1082.5005	4
0	4135	1084.0005	3
0	4148	1085.5005	4
0	4149	1088.0005	3
0	4163	1092.0005	2
0	4173	1092.0005	3
0	4176	1093.5005	4
0	4179	1096.0005	3
0	4181	1096.0005	4
0	4182	1100.0005	3
0	4195	1103.0005	4
0	4196	1104.0005	3
0	4204	1106.5005	4
0	4205	1108.0005	3
0	4210	1110.0005	4
0	4211	1112.0005	3
0	4226	1116.0005	2
0	4258	1119.5005	3
0	4259	1120.0005	2
0	4279	1124.0005	1
0	4308	1128.0005	0
0	4313	1128.0005	1
0	4330	1132.0005	0
0	4338	1133.0005	1
0	4341	1133.5005	2
0	4345	1136.0005	1
0	4351	1136.0005	2
0	4358	1137.0005	3
0	4367	1140.0005	2
0	4381	1141.0005	3
0	4389	1144.0005	2
0	4397	1144.0005	3
0	4414	1148.0005	2
0	4416	1148.0005	3
0	4419	1148.5005	4
0	4420	1152.0005	3
0	4428	1153.0005	4
0	4429	1156.0005	3
0	4445	1160.0005	2
0	4447	1160.0005	3
0	4450	1160.5005	4
0	4451	1164.0005	3
0	4462	1167.5005	4
0	4465	1168.0005	3
0	4473	1170.5005	4
0	4474	1172.0005	3
0	4493	1174.5005	4
0	4496	1176.0005	3
0	4501	1176.0005	4
0	4506	1180.0005	3
0	4517	1183.5005	4
0	4518	1184.0005	3
0	4527	1188.0005	2
0	4540	1189.0005	3
0	4560	1192.0005	2
0	4562	1192.0005	3
0	4576	1196.0005	2
0	4584	1197.0005	3
0	4593	1200.0005	2
0	4618	1203.0005	3
0	4619	1204.0005	2
0	4623	1204.0005	3
0	4638	1208.0005	2
0	4657	1210.5005	3
0	4661	1212.0005	2
0	4669	1213.0005	3
0	4674	1214.0005	4
0	4675	1216.0005	3
0	4690	1220.0005	2
0	4700	1222.5005	3
0	4703	1223.0005	4
0	4704	1224.0005	3
0	4710	1228.0005	2
0	4735	1231.5005	3
0	4736	1232.0005	2
0	4757	1234.5005	3
0	4763	1235.0005	4
0	4764	1236.0005	3
0	4773	1238.0005	4
0	4774	1240.0005	3
0	4779	1241.0005	4
0	4780	1244.0005	3
0	4799	1247.5005	4
0	4800	1248.0005	3
0	4811	1252.0005	2
0	4822	1253.0005	3
0	4825	1253.5005	4
0	4826	1256.0005	3
0	4836	1259.0005	4
0	4837	1260.0005	3
0	4842	1262.0005	4
0	4843	1264.0005	3
0	4845	1264.0005	4
0	4846	1268.0005	3
0	4855	1272.0005	2
0	4859	1272.0005	3
0	4863	1274.0005	4
0	4864	1276.0005	3
0	4866	1276.0005	4
0	4867	1280.0005	3
0	4869	1280.0005	4
0	4870	1284.0005	3
0	4879	1288.0005	2
0	4881	1288.0005	3
0	4887	1291.0005	4
0	4888	1292.0005	3
0	4890	1292.0005	4
0	4891	1296.0005	3
0	4897	1300.0005	2
0	4912	1304.0005	1
0	4920	1304.0005	2
0	4921	1304.0005	3
0	4922	1304.0005	4
0	4923	1308.0005	3
0	4931	1309.0005	4
0	4932	1312.0005	3
0	4936	1312.0005	4
0	4937	1316.0005	3
0	4945	1319.0005	4
0	4946	1320.0005	3
0	4960	1324.0005	2
0	4980	1326.0005	3
0	4986	1328.0005	2
0	5008	1332.0005	1
0	5037	1335.0005	2
0	5038	1335.0005	3
0	5039	1336.0005	2
0	5062	1340.0005	1
0	5067	1340.0005	2
0	5079	1344.0005	1
0	5087	1344.0005	2
0	5098	1346.0005	3
0	5099	1348.0005	2
0	5119	1352.0005	1
0	5123	1352.0005	2
0	5160	1356.0005	1
0	5172	1357.0005	2
0	5182	1360.0005	1
0	5189	1360.0005	2
0	5206	1362.0005	3
0	5210	1364.0005	2
0	5217	1364.0005	3
0	5231	1368.0005	2
0	5233	1368.0005	3
0	5240	1372.0005	2
0	5263	1376.0005	1
0	5267	1376.0005	2
0	5268	1376.0005	3
0	5271	1376.5005	4
0	5274	1380.0005	3
0	5293	1384.0005	2
0	5307	1385.5005	3
0	5310	1386.0005	4
0	5311	1388.0005	3
0	5313	1388.0005	4
0	5318	1392.0005	3
0	5335	1396.0005	2
0	5340	1397.5005	3
0	5349	1400.0005	2
0	5354	1401.5005	3
0	5358	1404.0005	2
0	5371	1405.5005	3
0	5375	1408.0005	2
0	5377	1408.0005	3
0	5387	1412.0005	2
0	5392	1412.0005	3
0	5399	1416.0005	2
0	5407	1416.0005	3
0	5413	1417.5005	4
0	5416	1420.0005	3
0	5420	1420.0005	4
0	5421	1424.0005	3
0	5423	1424.0005	4
0	5424	1428.0005	3
0	5441	1432.0005	2
0	5451	1433.0005	3
0	5457	1435.0005	4
0	5458	1436.0005	3
0	5463	1438.0005	4
0	5464	1440.0005	3
0	5480	1443.0005	4
0	5481	1444.0005	3
0	5483	1444.0005	4
0	5484	1448.0005	3
0	5490	1452.0005	2
0	5507	1455.5005	3
0	5508	1456.0005	2
0	5524	1458.0005	3
0	5528	1460.0005	2
0	5533	1460.0005	3
0	5550	1463.0005	4
0	5553	1464.0005	3
0	5566	1466.0005	4
0	5567	1468.0005	3
0	5577	1472.0005	2
0	5581	1472.0005	3
0	5594	1476.0005	2
0	5596	1476.0005	3
0	5602	1478.5005	4
0	5603	1480.0005	3
0	5617	1484.0005	2
0	5633	1485.5005	3
0	5639	1488.0005	2
0	5670	1492.0005	1
0	5677	1492.5005	2
0	5680	1494.0005	3
0	5683	1495.5005	4
0	5684	1496.0005	3
0	5686	1496.0005	4
0	5687	1500.0005	3
0	5704	1504.0005	2
0	5726	1507.5005	3
0	5727	1508.0005	2
0	5731	1508.0005	3
0	5737	1510.0005	4
0	5738	1512.0005	3
0	5750	1516.0005	2
0	5754	1516.0005	3
0	5757	1516.5005	4
0	5758	1520.0005	3
0	5769	1523.0005	4
0	5770	1524.0005	3
0	5788	1528.0005	2
0	5802	1530.5005	3
0	5803	1532.0005	2
0	5814	1533.5005	3
0	5817	1535.0005	4
0	5818	1536.0005	3
0	5832	1540.0005	2
0	5852	1542.0005	3
0	5858	1544.0005	2
0	5865	1545.0005	3
0	5871	1546.0005	4
0	5872	1548.0005	3
0	5886	1552.0005	2
0	5891	1552.0005	3
0	5895	1556.0005	2
0	5906	1558.0005	3
0	5907	1560.0005	2
0	5912	1560.0005	3
0	5918	1562.0005	4
0	5919	1564.0005	3
0	5933	1568.0005	2
0	5949	1571.0005	3
0	5950	1572.0005	2
0	5964	1573.5005	3
0	5970	1576.0005	2
0	5974	1576.0005	3
0	5978	1577.0005	4
0	5979	1580.0005	3
0	5988	1584.0005	2
0	5990	1584.0005	3
0	5997	1588.0005	2
0	6001	1588.0005	3
0	6012	1592.0005	2
0	6020	1595.5005	3
0	6021	1596.0005	2
0	6035	1597.5005	3
0	6038	1598.5005	4
0	6043	1600.0005	3
0	6052	1604.0005	2
0	6060	1604.0005	3
0	6072	1608.0005	2
0	6087	1609.0005	3
0	6090	1609.5005	4
0	6093	1612.0005	3
0	6106	1615.0005	4
0	6107	1616.0005	3
0	6119	1620.0005	2
0	6135	1621.0005	3
0	6145	1622.5005	4
0	6148	1624.0005	3
0	6171	1628.0005	2
0	6200	1632.0005	1
0	6208	1633.0005	2
0	6217	1634.0005	3
0	6223	1635.5005	4
0	6224	1636.0005	3
0	6238	1640.0005	2
0	6242	1640.0005	3
0	6251	1642.5005	4
0	6252	1644.0005	3
0	6259	1645.0005	4
0	6260	1648.0005	3
0	6262	1648.0005	4
0	6263	1652.0005	3
0	6277	1656.0005	2
0	6293	1658.0005	3
0	6305	1660.0005	2
0	6320	1664.0005	1
0	6346	1668.0005	0
0	6354	1668.5005	1
0	6375	1672.0005	0
0	6380	1672.0005	1
0	6391	1676.0005	0
0	6405	1677.5005	1
0	6411	1680.0005	0
0	6415	1680.0005	1
0	6420	1684.0005	0
0	6442	1687.0005	1
0	6443	1688.0005	0
0	6448	1688.0005	1
0	6459	1690.0005	2
0	6460	1692.0005	1
0	6468	1692.0005	2
0	6477	1696.0005	1
0	6482	1696.0005	2
0	6491	1698.5005	3
0	6492	1700.0005	2
0	6511	1702.5005	3
0	6518	1704.0005	2
0	6526	1704.5005	3
0	6532	1708.0005	2
0	6552	1712.0005	1
0	6566	1713.0005	2
0	6582	1716.0005	1
0	6589	1717.0005	2
0	6599	1720.0005	1
0	6622	1720.5005	2
0	6643	1724.0005	1
0	6648	1724.0005	2
0	6666	1728.0005	1
0	6692	1730.5005	2
0	6697	1732.0005	1
0	6728	1736.0005	0
0	6747	1738.5005	1
0	6752	1739.5005	2
0	6753	1740.0005	1
0	6761	1741.5005	2
0	6765	1744.0005	1
0	6775	1745.5005	2
0	6782	1747.5005	3
0	6783	1748.0005	2
0	6787	1748.0005	3
0	6792	1752.0005	2
0	6797	1752.0005	3
0	6801	1756.0005	2
0	6824	1760.0005	1
0	6840	1764.0005	0
0	6844	1764.0005	1
0	6852	1768.0005	0
0	6854	1768.0005	1
0	6861	1772.0005	0
0	6866	1772.0005	1
0	6878	1776.0005	0
0	6957	1785.5005	1
0	6958	1786.0005	0
0	6975	1789.0005	1
0	6982	1790.0005	0
0	6990	1790.0005	1
0	6996	1791.0005	2
0	7010	1792.5005	3
0	7015	1793.0005	4
0	7020	1794.0005	3
0	7039	1797.5005	4
0	7040	1798.0005	3
0	7052	1801.0005	4
0	7053	1802.0005	3
0	7073	1806.0005	2
0	7087	1807.0005	3
0	7090	1807.5005	4
0	7091	1810.0005	3
0	7093	1810.0005	4
0	7094	1814.0005	3
0	7100	1818.0005	2
0	7108	1818.0005	3
0	7112	1822.0005	2
0	7137	1826.0005	1
0	7155	1830.0005	0
0	7159	1830.0005	1
0	7175	1831.5005	2
0	7186	1834.0005	1
0	7200	1836.5005	2
0	7204	1838.0005	1
0	7206	1838.0005	2
0	7218	1839.5005	3
0	7224	1842.0005	2
0	7241	1844.5005	3
0	7244	1846.0005	2
0	7267	1850.0005	1
0	7269	1850.0005	2
0	7287	1854.0005	1
0	7314	1858.0005	0
0	7342	1859.5005	1
0	7346	1859.5005	2
0	7362	1862.0005	1
0	7367	1862.0005	2
0	7370	1863.5005	3
0	7376	1866.0005	2
0	7391	1870.0005	1
0	7404	1872.0005	2
0	7417	1874.0005	1
0	7422	1875.0005	2
0	7431	1878.0005	1
0	7439	1881.0005	2
0	7440	1882.0005	1
0	7442	1882.0005	2
0	7449	1886.0005	1
0	7483	1889.0005	2
0	7486	1889.5005	3
0	7487	1890.0005	2
0	7504	1892.5005	3
0	7510	1894.0005	2
0	7526	1896.0005	3
0	7530	1898.0005	2
0	7532	1898.0005	3
0	7544	1901.0005	4
0	7545	1902.0005	3
0	7552	1904.0005	4
0	7553	1906.0005	3
0	7566	1908.0005	4
0	7567	1910.0005	3
0	7572	1911.0005	4
0	7573	1914.0005	3
0	7582	1918.0005	2
0	7605	1922.0005	1
0	7610	1922.5005	2
0	7622	1924.5005	3
0	7625	1925.0005	4
0	7628	1926.0005	3
0	7634	1930.0005	2
0	7648	1932.5005	3
0	7649	1934.0005	2
0	7670	1938.0005	1
0	7676	1938.0005	2
0	7680	1938.0005	3
0	7688	1942.0005	2
0	7692	1942.0005	3
0	7703	1946.0005	2
0	7710	1946.0005	3
0	7719	1950.0005	2
0	7738	1952.5005	3
0	7744	1954.0005	2
0	7761	1958.0005	1
0	7789	1961.0005	2
0	7796	1962.0005	1
0	7815	1966.0005	0
0	7823	1966.0005	1
0	7851	1969.5005	2
0	7852	1970.0005	1
0	7871	1971.0005	2
0	7874	1972.0005	3
0	7879	1972.5005	4
0	7882	1974.0005	3
0	7888	1978.0005	2
0	7920	1982.0005	1
0	7931	1982.0005	2
0	7943	1986.0005	1
0	7947	1986.0005	2
0	7959	1988.0005	3
0	7960	1990.0005	2
0	7987	1994.0005	1
0	7992	1994.0005	2
0	7996	1998.0005	1
0	8004	1999.5005	2
0	8008	2002.0005	1
0	8022	2003.0005	2
0	8026	2006.0005	1
0	8044	2008.0005	2
0	8048	2010.0005	1
0	8053	2010.5005	2
0	8059	2013.0005	3
0	8060	2014.0005	2
0	8071	2016.5005	3
0	8075	2018.0005	2
0	8080	2018.0005	3
0	8095	2022.0005	2
0	8108	2023.0005	3
0	8117	2026.0005	2
0	8135	2028.0005	3
0	8137	2030.0005	2
0	8146	2034.0005	1
0	8154	2035.0005	2
0	8159	2036.0005	3
0	8161	2038.0005	2
0	8174	2039.0005	3
0	8180	2041.5005	4
0	8181	2042.0005	3
0	8183	2042.0005	4
0	8184	2046.0005	3
0	8203	2050.0005	2
0	8215	2054.0005	1
0	8226	2055.5005	2
0	8242	2058.0005	1
0	8244	2058.0005	2
0	8251	2059.0005	3
0	8252	2059.0005	4
0	8253	2062.0005	3
0	8261	2065.0005	4
0	8262	2066.0005	3
0	8267	2066.0005	4
0	8270	2070.0005	3
0	8286	2073.5005	4
0	8287	2074.0005	3
0	8306	2078.0005	2
0	8321	2082.0005	1
0	8329	2082.5005	2
0	8337	2085.5005	3
0	8338	2086.0005	2
0	8355	2089.5005	3
0	8356	2090.0005	2
0	8373	2094.0005	1
0	8391	2098.0005	0
0	8397	2098.0005	1
0	8401	2098.0005	2
0	8410	2100.0005	3
0	8413	2101.0005	4
0	8414	2102.0005	3
0	8422	2106.0005	2
0	8433	2107.5005	3
0	8436	2109.0005	4
0	8437	2110.0005	3
0	8439	2110.0005	4
0	8440	2114.0005	3
0	8460	2118.0005	2
0	8476	2122.0005	1
0	8482	2122.0005	2
0	8483	2122.0005	3
0	8493	2126.0005	2
0	8504	2127.5005	3
0	8509	2128.5005	4
0	8510	2130.0005	3
0	8520	2133.0005	4
0	8521	2134.0005	3
0	8530	2138.0005	2
0	8550	2142.0005	1
0	8562	2146.0005	0
0	8581	2148.0005	1
0	8584	2150.0005	0
0	8597	2152.0005	1
0	8598	2152.0005	2
0	8599	2154.0005	1
0	8603	2154.0005	2
0	8616	2158.0005	1
0	8630	2162.0005	0
0	8652	2164.0005	1
0	8655	2164.0005	2
0	8660	2166.0005	1
0	8676	2168.0005	2
0	8677	2168.0005	3
0	8681	2170.0005	2
0	8688	2171.0005	3
0	8695	2174.0005	2
0	8708	2175.5005	3
0	8717	2178.0005	2
0	8731	2181.5005	3
0	8732	2182.0005	2
0	8737	2182.0005	3
0	8744	2186.0005	2
0	8755	2188.5005	3
0	8756	2190.0005	2
0	8758	2190.0005	3
0	8765	2194.0005	2
0	8770	2194.5005	3
0	8780	2198.0005	2
0	8793	2199.5005	3
0	8804	2202.0005	2
0	8806	2202.0005	3
0	8809	2202.5005	4
0	8810	2206.0005	3
0	8822	2210.0005	2
0	8851	2213.0005	3
0	8852	2214.0005	2
0	8867	2218.0005	1
0	8872	2218.0005	2
0	8878	2220.0005	3
0	8879	2222.0005	2
0	8883	2222.0005	3
0	8899	2226.0005	2
0	8910	2226.0005	3
0	8917	2230.0005	2
0	8922	2231.0005	3
0	8923	2234.0005	2
0	8929	2238.0005	1
0	8932	2242.0005	0
1	0	0	0
1	115	8.0005	1
1	116	10.0005	0
1	226	40.0005	1
1	230	41.5005	0
1	249	43.0005	1
1	250	43.5005	0
1	258	44.0005	1
1	264	45.5005	0
1	330	57.5005	1
1	331	58.0005	0
1	676	170.5005	1
1	678	172.0005	0
1	875	228.0005	1
1	876	230.0005	0
1	884	231.0005	1
1	887	232.0005	0
1	894	232.0005	1
1	903	234.0005	0
1	905	234.0005	1
1	907	236.0005	0
1	922	237.0005	1
1	929	238.0005	0
1	1073	279.0005	1
1	1074	279.5005	0
1	1076	279.5005	1
1	1079	280.0005	2
1	1080	281.5005	1
1	1086	283.5005	0
1	1103	284.0005	1
1	1106	284.5005	2
1	1111	285.5005	1
1	1115	285.5005	2
1	1116	287.5005	1
1	1127	288.0005	2
1	1135	289.5005	1
1	1144	291.5005	0
1	1149	291.5005	1
1	1158	292.5005	2
1	1159	293.5005	1
1	1168	295.5005	0
1	1171	295.5005	1
1	1179	297.0005	2
1	1180	297.5005	1
1	1185	299.0005	2
1	1186	299.5005	1
1	1197	301.0005	2
1	1198	301.5005	1
1	1203	302.5005	2
1	1204	303.5005	1
1	1218	305.5005	0
1	1222	305.5005	1
1	1229	307.5005	0
1	1234	307.5005	1
1	1241	309.5005	0
1	1248	310.5005	1
1	1250	311.5005	0
1	1255	312.0005	1
1	1256	313.5005	0
1	1398	367.0005	1
1	1400	368.0005	0
1	1496	397.0005	1
1	1497	397.5005	0
1	1582	416.0005	1
1	1587	416.5005	0
1	1619	421.5005	1
1	1620	423.0005	0
1	1625	423.0005	1
1	1633	424.0005	2
1	1634	425.0005	1
1	1641	426.5005	2
1	1643	427.0005	1
1	1653	429.0005	0
1	1776	453.5005	1
1	1777	455.5005	0
1	2087	544.0005	1
1	2088	545.5005	0
1	2139	553.5005	1
1	2140	554.5005	0
1	2153	556.0005	1
1	2155	556.5005	0
1	2215	576.0005	1
1	2217	577.0005	0
1	2267	594.0005	1
1	2268	595.5005	0
1	2321	616.0005	1
1	2330	617.0005	0
1	2367	620.5005	1
1	2379	622.0005	0
1	2452	650.0005	1
1	2453	651.0005	0
1	2461	652.0005	1
1	2462	653.0005	0
1	2704	720.0005	1
1	2705	721.0005	0
1	2765	732.0005	1
1	2771	734.0005	0
1	2868	764.0005	1
1	2869	765.0005	0
1	2886	768.0005	1
1	2892	770.0005	0
1	2903	771.0005	1
1	2905	772.0005	0
1	2912	772.0005	1
1	2927	774.0005	0
1	2957	780.0005	1
1	2958	781.0005	0
1	2963	781.0005	1
1	2967	783.0005	0
1	3017	788.5005	1
1	3018	790.0005	0
1	3039	792.0005	1
1	3042	793.0005	2
1	3043	794.0005	1
1	3045	794.0005	2
1	3047	796.0005	1
1	3066	798.0005	0
1	3073	799.0005	1
1	3075	800.0005	0
1	3125	812.0005	1
1	3126	812.5005	0
1	3137	815.0005	1
1	3141	816.5005	0
1	3188	829.5005	1
1	3189	830.0005	0
1	3350	861.0005	1
1	3351	862.0005	0
1	3560	924.0005	1
1	3561	924.5005	0
1	3563	924.5005	1
1	3564	926.5005	0
1	3692	952.0005	1
1	3693	952.5005	0
1	3712	956.0005	1
1	3713	956.5005	0
1	3718	956.5005	1
1	3719	958.5005	0
1	3974	1041.5005	1
1	3975	1042.0005	0
1	4025	1056.0005	1
1	4026	1056.5005	0
1	4028	1056.5005	1
1	4030	1058.5005	0
1	4128	1080.0005	1
1	4129	1080.5005	0
1	4283	1124.0005	1
1	4285	1125.0005	0
1	4293	1125.5005	1
1	4297	1127.0005	0
1	4304	1127.0005	1
1	4316	1128.0005	2
1	4317	1129.0005	1
1	4326	1130.0005	2
1	4327	1131.0005	1
1	4329	1131.0005	2
1	4333	1133.0005	1
1	4342	1135.0005	0
1	4692	1220.0005	1
1	4694	1221.0005	0
1	4905	1300.0005	1
1	4906	1302.0005	0
1	5025	1333.5005	1
1	5027	1334.0005	0
1	5047	1337.0005	1
1	5048	1338.0005	0
1	5061	1339.0005	1
1	5063	1340.0005	0
1	5070	1341.5005	1
1	5071	1342.0005	0
1	5078	1343.0005	1
1	5080	1344.0005	0
1	5095	1345.5005	1
1	5096	1346.0005	0
1	5144	1352.5005	1
1	5149	1354.0005	0
1	5159	1355.0005	1
1	5161	1356.0005	0
1	5167	1356.0005	1
1	5173	1358.0005	0
1	5337	1396.0005	1
1	5338	1397.5005	0
1	5351	1400.0005	1
1	5352	1401.5005	0
1	5501	1453.0005	1
1	5502	1454.0005	0
1	5903	1557.0005	1
1	5904	1558.0005	0
1	6014	1592.0005	1
1	6015	1593.5005	0
1	6017	1593.5005	1
1	6018	1595.5005	0
1	6310	1661.0005	1
1	6311	1661.5005	0
1	6316	1663.0005	1
1	6317	1663.5005	0
1	6328	1664.5005	1
1	6329	1665.5005	0
1	6368	1670.0005	1
1	6374	1671.5005	2
1	6376	1672.0005	1
1	6385	1673.0005	2
1	6387	1674.0005	1
1	6390	1674.0005	2
1	6392	1676.0005	1
1	6399	1677.0005	2
1	6406	1678.0005	1
1	6408	1678.0005	2
1	6412	1680.0005	1
1	6416	1680.0005	2
1	6417	1682.0005	1
1	6419	1682.0005	2
1	6421	1684.0005	1
1	6432	1686.0005	0
1	6434	1686.0005	1
1	6444	1688.0005	0
1	6447	1688.0005	1
1	6456	1689.5005	2
1	6457	1690.0005	1
1	6461	1692.0005	0
1	6464	1692.0005	1
1	6471	1694.0005	0
1	6488	1697.0005	1
1	6489	1698.5005	0
1	6548	1710.0005	1
1	6549	1711.5005	0
1	6551	1711.5005	1
1	6567	1713.5005	0
1	6569	1713.5005	1
1	6574	1715.5005	0
1	6579	1715.5005	1
1	6590	1717.5005	0
1	6595	1717.5005	1
1	6596	1719.5005	0
1	6642	1723.5005	1
1	6652	1724.5005	0
1	6655	1724.5005	1
1	6660	1726.5005	0
1	6705	1732.0005	1
1	6708	1733.0005	2
1	6709	1733.5005	1
1	6720	1735.5005	0
1	6727	1735.5005	1
1	6738	1736.5005	2
1	6741	1737.0005	3
1	6742	1737.5005	2
1	6749	1739.5005	1
1	6758	1741.0005	2
1	6759	1741.5005	1
1	6762	1743.5005	0
1	6767	1744.0005	1
1	6771	1745.5005	0
1	6815	1758.0005	1
1	6817	1759.0005	0
1	6823	1759.0005	1
1	6826	1760.0005	2
1	6827	1761.0005	1
1	6832	1761.0005	2
1	6837	1763.0005	1
1	6845	1764.0005	2
1	6846	1765.0005	1
1	6848	1765.0005	2
1	6849	1767.0005	1
1	6851	1767.0005	2
1	6855	1769.0005	1
1	6857	1769.0005	2
1	6858	1771.0005	1
1	6860	1771.0005	2
1	6867	1773.0005	1
1	6869	1773.0005	2
1	6871	1775.0005	1
1	6877	1775.0005	2
1	6880	1776.0005	3
1	6881	1777.0005	2
1	6892	1778.0005	3
1	6894	1779.0005	2
1	6908	1781.0005	1
1	6935	1783.0005	0
1	6938	1783.0005	1
1	6951	1785.0005	0
1	6963	1786.5005	1
1	6964	1787.0005	0
1	6966	1787.0005	1
1	6973	1789.0005	0
1	6993	1790.5005	1
1	6994	1791.0005	0
1	7147	1827.5005	1
1	7149	1828.5005	0
1	7160	1830.0005	1
1	7161	1830.5005	0
1	7181	1833.0005	1
1	7189	1834.5005	0
1	7191	1834.5005	1
1	7198	1836.5005	0
1	7226	1842.0005	1
1	7227	1842.5005	0
1	7232	1844.0005	1
1	7233	1844.5005	0
1	7246	1846.0005	1
1	7247	1846.5005	0
1	7307	1856.0005	1
1	7311	1857.5005	0
1	7361	1861.5005	1
1	7363	1862.0005	0
1	7381	1866.0005	1
1	7382	1868.0005	0
1	7416	1873.5005	1
1	7420	1875.0005	0
1	7425	1875.5005	1
1	7428	1877.0005	0
1	7430	1877.0005	1
1	7433	1878.0005	2
1	7434	1879.0005	1
1	7436	1879.0005	2
1	7437	1881.0005	1
1	7443	1883.0005	0
1	7445	1883.0005	1
1	7446	1885.0005	0
1	7448	1885.0005	1
1	7452	1887.0005	0
1	7587	1919.0005	1
1	7588	1919.5005	0
1	7669	1937.0005	1
1	7672	1938.0005	0
1	7757	1955.0005	1
1	7758	1957.0005	0
1	7822	1966.0005	1
1	7826	1966.0005	2
1	7829	1966.5005	1
1	7841	1968.5005	0
1	7857	1970.0005	1
1	7862	1970.5005	0
1	7937	1982.5005	1
1	7939	1984.0005	0
1	7942	1984.0005	1
1	7944	1986.0005	0
1	7954	1987.0005	1
1	7955	1988.0005	0
1	7977	1991.0005	1
1	7980	1992.0005	0
1	7986	1992.0005	1
1	7988	1994.0005	0
1	7991	1994.0005	1
1	7993	1996.0005	0
1	7995	1996.0005	1
1	7997	1998.0005	0
1	8000	1998.0005	1
1	8005	2000.0005	0
1	8007	2000.0005	1
1	8009	2002.0005	0
1	8013	2002.0005	1
1	8023	2004.0005	0
1	8025	2004.0005	1
1	8029	2006.0005	0
1	8050	2010.0005	1
1	8054	2011.0005	0
1	8056	2011.0005	1
1	8057	2013.0005	0
1	8142	2030.0005	1
1	8143	2032.0005	0
1	8145	2032.0005	1
1	8147	2034.0005	0
1	8205	2050.0005	1
1	8206	2051.5005	0
1	8317	2080.0005	1
1	8318	2081.5005	0
1	8326	2082.0005	1
1	8330	2083.5005	0
1	8332	2083.5005	1
1	8335	2085.5005	0
1	8465	2118.5005	1
1	8469	2120.0005	0
1	8475	2120.0005	1
1	8477	2122.0005	0
1	8549	2141.0005	1
1	8551	2142.0005	0
1	8555	2142.0005	1
1	8558	2142.0005	2
1	8559	2144.0005	1
1	8561	2144.0005	2
1	8564	2146.0005	1
1	8575	2147.0005	2
1	8576	2148.0005	1
1	8580	2148.0005	2
1	8585	2150.0005	1
1	8592	2151.0005	2
1	8593	2152.0005	1
1	8600	2154.0005	0
1	8604	2154.0005	1
1	8605	2156.0005	0
1	8615	2157.5005	1
1	8617	2158.0005	0
1	8620	2158.0005	1
1	8624	2158.0005	2
1	8625	2160.0005	1
1	8629	2160.0005	2
1	8631	2162.0005	1
1	8641	2162.0005	2
1	8647	2164.0005	1
1	8661	2166.0005	0
1	8685	2170.0005	1
1	8686	2171.0005	0
1	8719	2178.0005	1
1	8720	2179.0005	0
1	8752	2187.5005	1
1	8753	2188.5005	0
1	8767	2194.0005	1
1	8768	2194.5005	0
1	8866	2217.0005	1
1	8868	2218.0005	0
1	8875	2219.5005	1
1	8876	2220.0005	0
2	0	0	0
2	42	0.0005	1
2	59	1.5005	0
2	163	24.0005	1
2	164	25.5005	0
2	166	25.5005	1
2	167	27.0005	0
2	220	39.0005	1
2	221	39.5005	0
2	266	45.5005	1
2	267	46.5005	0
2	786	204.0005	1
2	787	205.5005	0
2	789	205.5005	1
2	790	207.0005	0
2	834	220.0005	1
2	840	221.5005	0
2	845	222.0005	1
2	846	223.0005	0
2	995	252.0005	1
2	996	253.0005	0
2	1065	276.0005	1
2	1066	277.5005	0
2	1574	414.0005	1
2	1575	414.5005	0
2	2118	550.0005	1
2	2119	550.5005	0
2	2258	592.0005	1
2	2259	592.5005	0
2	2306	613.5005	1
2	2307	615.0005	0
2	2570	676.5005	1
2	2571	677.5005	0
2	2788	736.0005	1
2	2795	737.5005	0
2	2814	740.0005	1
2	2818	741.0005	0
2	2877	767.0005	1
2	2879	768.0005	0
2	2919	772.0005	1
2	2923	773.5005	0
2	2925	773.5005	1
2	2931	775.0005	0
2	2972	783.0005	1
2	2974	784.0005	0
2	2977	784.0005	1
2	2993	785.5005	0
2	2995	785.5005	1
2	3000	787.0005	0
2	3014	788.0005	1
2	3015	788.5005	0
2	3242	841.5005	1
2	3243	842.5005	0
2	3248	842.5005	1
2	3250	844.0005	0
2	3262	845.0005	1
2	3263	845.5005	0
2	3268	845.5005	1
2	3271	847.0005	0
2	3286	848.0005	1
2	3287	848.0005	2
2	3288	848.5005	1
2	3294	850.0005	0
2	3297	850.0005	1
2	3301	851.5005	0
2	3819	982.0005	1
2	3820	982.5005	0
2	4071	1066.5005	1
2	4072	1067.0005	0
2	4643	1208.0005	1
2	4644	1209.5005	0
2	4718	1228.0005	1
2	4719	1229.5005	0
2	4991	1328.0005	1
2	4992	1328.5005	0
2	5016	1332.0005	1
2	5023	1333.5005	0
2	5666	1490.0005	1
2	5667	1491.0005	0
2	5669	1491.0005	1
2	5674	1492.0005	2
2	5675	1492.5005	1
2	5678	1494.0005	0
2	5706	1504.0005	1
2	5707	1504.5005	0
2	5723	1506.5005	1
2	5724	1507.5005	0
2	5799	1530.0005	1
2	5800	1530.5005	0
2	5811	1533.0005	1
2	5812	1533.5005	0
2	5958	1573.0005	1
2	5959	1573.5005	0
2	6336	1665.5005	1
2	6337	1667.0005	0
2	6350	1668.0005	1
2	6351	1668.0005	2
2	6352	1668.5005	1
2	6359	1670.0005	0
2	6428	1684.0005	1
2	6429	1685.5005	0
2	6431	1685.5005	1
2	6436	1687.0005	0
2	6671	1728.0005	1
2	6680	1729.0005	0
2	6903	1780.0005	1
2	6904	1780.5005	0
2	6914	1781.0005	1
2	6919	1782.0005	0
2	7119	1822.0005	1
2	7120	1823.5005	0
2	7154	1828.5005	1
2	7156	1830.0005	0
2	7313	1857.5005	1
2	7326	1858.0005	2
2	7327	1858.5005	1
2	7350	1860.0005	0
2	7395	1870.0005	1
2	7397	1870.5005	0
2	7399	1870.5005	1
2	7401	1872.0005	0
2	7466	1888.0005	1
2	7467	1888.5005	0
2	7492	1890.0005	1
2	7497	1891.5005	0
2	7774	1959.0005	1
2	7778	1960.0005	0
2	7786	1960.0005	1
2	7790	1961.5005	0
2	7795	1961.5005	1
2	7800	1963.0005	0
2	7803	1963.0005	1
2	7808	1964.5005	0
2	8038	2007.0005	1
2	8039	2007.5005	0
2	8041	2007.5005	1
2	8045	2009.0005	0
2	8430	2107.0005	1
2	8431	2107.5005	0
3	0	0	0
3	206	36.0005	1
3	207	37.0005	0
3	252	43.5005	1
3	254	44.0005	0
3	816	216.5005	1
3	817	217.0005	0
3	819	217.0005	1
3	820	218.0005	0
3	822	218.0005	1
3	823	219.0005	0
3	857	224.5005	1
3	858	225.0005	0
3	980	248.0005	1
3	981	248.5005	0
3	1389	364.5005	1
3	1390	365.0005	0
3	1392	365.0005	1
3	1393	366.0005	0
3	1655	429.0005	1
3	1656	429.5005	0
3	1661	429.5005	1
3	1662	430.5005	0
3	1703	436.5005	1
3	1704	437.0005	0
3	1747	448.0005	1
3	1748	448.5005	0
3	1750	448.5005	1
3	1751	449.5005	0
3	1753	449.5005	1
3	1754	450.5005	0
3	2099	547.5005	1
3	2102	548.0005	0
3	2129	552.0005	1
3	2131	552.5005	0
3	2332	617.0005	1
3	2333	617.5005	0
3	2395	624.0005	1
3	2396	625.0005	0
3	2446	648.5005	1
3	2447	649.0005	0
3	2556	674.0005	1
3	2557	674.5005	0
3	2559	674.5005	1
3	2560	675.5005	0
3	2582	679.5005	1
3	2584	680.0005	0
3	2587	680.0005	1
3	2591	681.0005	0
3	2593	681.0005	1
3	2594	682.0005	0
3	2596	682.0005	1
3	2597	683.0005	0
3	2722	724.0005	1
3	2724	725.0005	0
3	2727	725.0005	1
3	2729	726.0005	0
3	2750	729.5005	1
3	2751	730.0005	0
3	2776	734.0005	1
3	2777	735.0005	0
3	2779	735.0005	1
3	2782	736.0005	0
3	2948	778.0005	1
3	2949	779.0005	0
3	3329	856.5005	1
3	3330	857.0005	0
3	3332	857.0005	1
3	3333	858.0005	0
3	3383	866.0005	1
3	3384	867.0005	0
3	3449	892.5005	1
3	3450	893.0005	0
3	3493	904.0005	1
3	3494	905.0005	0
3	3839	988.0005	1
3	3840	988.5005	0
3	4057	1064.0005	1
3	4058	1064.5005	0
3	4083	1068.5005	1
3	4086	1069.0005	0
3	4088	1069.0005	1
3	4089	1070.0005	0
3	4094	1070.0005	1
3	4097	1071.0005	0
3	4378	1140.5005	1
3	4379	1141.0005	0
3	4732	1231.0005	1
3	4733	1231.5005	0
3	5115	1350.5005	1
3	5116	1351.0005	0
3	5360	1404.0005	1
3	5361	1404.5005	0
3	5366	1404.5005	1
3	5369	1405.5005	0
3	5940	1568.0005	1
3	5941	1569.0005	0
3	5943	1569.0005	1
3	5944	1570.0005	0
3	6196	1630.5005	1
3	6197	1631.0005	0
3	6199	1631.0005	1
3	6201	1632.0005	0
3	6322	1664.0005	1
3	6323	1664.5005	0
3	6345	1667.5005	1
3	6347	1668.0005	0
3	6628	1721.5005	1
3	6630	1722.5005	0
3	6682	1729.0005	1
3	6684	1729.5005	0
3	6687	1729.5005	1
3	6689	1730.5005	0
3	6809	1756.0005	1
3	6810	1757.0005	0
3	6944	1783.5005	1
3	6946	1784.5005	0
3	6949	1784.5005	1
3	6954	1785.0005	2
3	6955	1785.5005	1
3	6960	1786.0005	2
3	6961	1786.5005	1
3	6967	1787.5005	0
3	6969	1787.5005	1
3	6970	1788.5005	0
3	6972	1788.5005	1
3	6976	1789.5005	0
3	6981	1789.5005	1
3	6991	1790.5005	0
3	7133	1825.0005	1
3	7134	1825.5005	0
3	7136	1825.5005	1
3	7140	1826.5005	0
3	7263	1849.0005	1
3	7264	1849.5005	0
3	7607	1922.0005	1
3	7608	1922.5005	0
3	8151	2034.0005	1
3	8152	2035.0005	0
3	8169	2038.0005	1
3	8170	2039.0005	0
3	8349	2087.5005	1
3	8350	2088.5005	0
3	8352	2088.5005	1
3	8353	2089.5005	0
3	8369	2092.0005	1
3	8370	2093.0005	0
3	8372	2093.0005	1
3	8374	2094.0005	0
3	8377	2094.0005	1
3	8378	2094.0005	2
3	8379	2095.0005	1
3	8381	2095.0005	2
3	8382	2096.0005	1
3	8384	2096.0005	2
3	8385	2097.0005	1
3	8392	2098.0005	0
3	8538	2138.0005	1
3	8539	2139.0005	0
3	8541	2139.0005	1
3	8543	2140.0005	0
3	8572	2146.0005	1
3	8573	2147.0005	0
3	8589	2150.0005	1
3	8590	2151.0005	0
3	8668	2166.0005	1
3	8669	2167.0005	0
3	8671	2167.0005	1
3	8673	2168.0005	0
3	8857	2214.0005	1
3	8858	2215.0005	0
3	8860	2215.0005	1
3	8861	2216.0005	0
4	0	0	0
4	51	1.0005	1
4	52	1.0005	2
4	53	1.0005	3
4	54	1.0005	4
4	55	1.0005	5
4	56	1.0005	6
4	69	2.0005	7
4	70	2.0005	8
4	71	2.0005	9
4	72	2.0005	10
4	73	2.0005	11
4	74	2.0005	12
4	75	2.0005	13
4	81	3.0005	14
4	82	3.0005	15
4	83	3.0005	16
4	84	3.0005	17
4	86	3.0005	16
4	94	4.0005	17
4	95	4.0005	18
4	96	4.0005	19
4	103	6.0005	20
4	112	8.0005	19
4	126	12.0005	20
4	128	12.0005	19
4	137	15.0005	20
4	140	16.0005	19
4	148	19.0005	20
4	175	28.0005	19
4	188	32.0005	20
4	189	32.0005	19
4	195	34.0005	18
4	203	36.0005	19
4	212	38.0005	20
4	214	38.0005	19
4	232	41.5005	18
4	238	42.0005	19
4	246	43.0005	18
4	260	44.5005	19
4	271	47.0005	20
4	274	47.5005	19
4	285	48.5005	20
4	303	54.5005	19
4	309	55.5005	18
4	318	56.5005	19
4	320	56.5005	18
4	327	57.5005	19
4	328	57.5005	20
4	342	60.0005	19
4	351	62.0005	18
4	357	63.0005	19
4	364	64.0005	20
4	367	64.0005	19
4	375	66.0005	20
4	390	70.0005	19
4	407	74.0005	20
4	413	80.0005	19
4	416	80.0005	18
4	420	80.0005	19
4	424	81.5005	18
4	429	83.0005	19
4	437	85.5005	20
4	440	88.0005	19
4	445	89.0005	20
4	478	101.0005	19
4	487	104.0005	18
4	494	105.0005	19
4	495	105.0005	20
4	530	125.5005	19
4	535	126.5005	20
4	556	137.0005	19
4	563	140.0005	20
4	564	140.0005	19
4	571	144.0005	20
4	575	145.5005	19
4	581	147.5005	18
4	590	148.5005	19
4	591	148.5005	20
4	594	152.0005	19
4	597	152.0005	18
4	603	153.0005	17
4	606	153.0005	16
4	611	154.0005	17
4	613	155.0005	18
4	618	156.0005	19
4	619	156.0005	20
4	644	164.0005	19
4	661	168.0005	20
4	670	170.0005	19
4	681	172.0005	18
4	688	174.0005	19
4	695	176.0005	20
4	707	180.0005	19
4	710	180.0005	18
4	714	180.0005	19
4	715	180.0005	18
4	720	181.0005	19
4	722	183.0005	20
4	725	184.0005	19
4	728	184.0005	18
4	734	185.0005	19
4	735	185.0005	20
4	744	189.5005	19
4	747	189.5005	18
4	753	191.5005	19
4	761	193.5005	20
4	766	196.0005	19
4	771	198.0005	20
4	831	220.0005	19
4	836	220.0005	20
4	871	228.0005	19
4	878	230.0005	18
4	890	232.0005	19
4	892	232.0005	20
4	897	233.5005	19
4	902	233.5005	20
4	911	236.0005	19
4	914	236.0005	18
4	921	237.0005	19
4	925	237.5005	18
4	931	238.0005	17
4	937	238.5005	18
4	942	239.0005	19
4	943	239.0005	20
4	949	240.0005	19
4	957	242.0005	20
4	966	244.5005	19
4	974	246.5005	20
4	1022	263.0005	19
4	1027	263.0005	20
4	1036	265.0005	19
4	1047	269.0005	20
4	1056	275.0005	19
4	1071	279.0005	20
4	1091	283.5005	19
4	1097	284.0005	18
4	1100	284.0005	17
4	1109	285.0005	18
4	1110	285.0005	19
4	1114	285.5005	20
4	1118	287.5005	19
4	1121	287.5005	18
4	1131	288.5005	19
4	1132	288.5005	20
4	1146	291.5005	19
4	1155	292.5005	18
4	1161	293.5005	17
4	1166	294.5005	18
4	1169	295.5005	19
4	1176	296.5005	20
4	1194	301.0005	19
4	1210	304.0005	20
4	1211	304.0005	19
4	1228	307.0005	20
4	1258	313.5005	19
4	1263	313.5005	20
4	1266	315.5005	19
4	1274	317.5005	20
4	1283	320.0005	19
4	1294	322.0005	20
4	1302	324.0005	19
4	1306	324.0005	18
4	1310	324.0005	19
4	1316	326.0005	20
4	1337	341.0005	19
4	1345	345.0005	20
4	1369	357.0005	19
4	1374	358.0005	20
4	1434	380.0005	19
4	1439	381.0005	20
4	1445	382.5005	19
4	1450	382.5005	20
4	1477	394.0005	19
4	1482	394.0005	20
4	1488	396.0005	19
4	1493	396.0005	20
4	1505	400.0005	19
4	1516	403.0005	20
4	1546	410.0005	19
4	1555	412.0005	18
4	1564	413.0005	17
4	1571	414.0005	18
4	1572	414.0005	19
4	1583	416.0005	18
4	1591	417.0005	19
4	1596	418.0005	20
4	1611	421.5005	19
4	1614	421.5005	18
4	1618	421.5005	19
4	1622	423.0005	18
4	1627	423.5005	19
4	1630	424.0005	18
4	1637	425.0005	19
4	1644	427.0005	20
4	1658	429.5005	19
4	1664	430.5005	18
4	1670	431.0005	17
4	1676	431.5005	18
4	1692	434.0005	19
4	1695	434.5005	20
4	1715	439.5005	19
4	1732	443.5005	20
4	1759	451.5005	19
4	1772	453.5005	20
4	1806	473.0005	19
4	1809	473.0005	18
4	1814	475.0005	19
4	1820	477.0005	20
4	1822	477.0005	19
4	1827	477.0005	20
4	1830	480.0005	19
4	1835	480.0005	20
4	1841	485.5005	19
4	1850	487.5005	20
4	1855	488.0005	19
4	1861	489.5005	18
4	1866	491.0005	19
4	1869	491.5005	20
4	1877	493.0005	19
4	1882	493.0005	20
4	1891	498.0005	19
4	1894	498.0005	18
4	1902	500.0005	17
4	1903	500.0005	16
4	1911	500.0005	17
4	1914	501.0005	18
4	1915	501.0005	19
4	1918	501.5005	18
4	1923	502.0005	19
4	1929	503.5005	18
4	1932	503.5005	17
4	1938	504.0005	16
4	1943	504.5005	17
4	1946	505.5005	18
4	1947	505.5005	19
4	1949	507.0005	20
4	1973	517.5005	19
4	1976	517.5005	18
4	1989	519.5005	19
4	1992	519.5005	18
4	1993	519.5005	17
4	1999	519.5005	16
4	2007	520.5005	17
4	2013	521.5005	18
4	2014	521.5005	19
4	2019	523.5005	20
4	2034	529.0005	19
4	2037	529.0005	18
4	2042	531.0005	19
4	2046	532.0005	20
4	2059	537.0005	19
4	2064	538.0005	20
4	2079	543.5005	19
4	2084	543.5005	20
4	2093	547.0005	19
4	2104	548.0005	20
4	2110	549.0005	19
4	2117	550.0005	20
4	2147	556.0005	19
4	2148	556.0005	18
4	2162	558.0005	19
4	2176	560.0005	20
4	2209	575.0005	19
4	2218	577.0005	20
4	2232	584.0005	19
4	2241	587.0005	20
4	2309	615.0005	19
4	2312	615.0005	18
4	2318	616.0005	17
4	2324	616.5005	16
4	2329	616.5005	17
4	2335	617.5005	16
4	2341	618.0005	17
4	2342	618.0005	18
4	2348	619.0005	19
4	2356	620.0005	18
4	2363	620.5005	19
4	2369	621.0005	20
4	2372	621.5005	19
4	2375	621.5005	18
4	2383	622.5005	19
4	2388	624.0005	18
4	2392	624.0005	17
4	2400	625.5005	18
4	2406	627.0005	19
4	2412	628.0005	20
4	2458	652.0005	19
4	2472	655.0005	18
4	2473	655.0005	17
4	2484	656.0005	18
4	2486	656.0005	17
4	2494	657.0005	18
4	2495	657.0005	19
4	2501	660.0005	20
4	2520	669.0005	19
4	2523	669.0005	18
4	2526	669.0005	17
4	2530	669.0005	18
4	2538	671.0005	19
4	2539	671.0005	20
4	2553	674.0005	19
4	2566	676.0005	20
4	2579	679.5005	19
4	2590	680.5005	20
4	2599	683.0005	19
4	2608	684.0005	20
4	2609	684.0005	19
4	2621	687.0005	20
4	2633	694.0005	19
4	2641	696.0005	20
4	2650	700.0005	19
4	2658	703.0005	20
4	2661	704.0005	19
4	2669	706.0005	20
4	2672	707.5005	19
4	2683	710.5005	20
4	2707	721.0005	19
4	2719	724.0005	18
4	2725	725.0005	19
4	2730	726.0005	20
4	2762	732.0005	19
4	2767	732.0005	20
4	2787	736.0005	19
4	2797	737.5005	18
4	2813	740.0005	19
4	2816	740.5005	20
4	2822	741.0005	19
4	2832	743.0005	20
4	2833	743.0005	19
4	2845	745.0005	20
4	2883	768.0005	19
4	2888	768.0005	20
4	2900	771.0005	19
4	2910	772.0005	18
4	2911	772.0005	17
4	2920	772.0005	18
4	2922	773.0005	19
4	2928	774.0005	20
4	2969	783.0005	19
4	2983	785.0005	20
4	2986	785.0005	19
4	2989	785.0005	18
4	2997	786.0005	19
4	3002	787.0005	20
4	3011	788.0005	19
4	3022	790.0005	18
4	3028	791.0005	19
4	3036	792.0005	20
4	3050	796.0005	19
4	3054	796.0005	18
4	3060	797.0005	19
4	3071	799.0005	20
4	3088	802.0005	19
4	3102	805.0005	20
4	3111	808.0005	19
4	3122	811.0005	20
4	3181	828.0005	19
4	3196	832.0005	20
4	3199	832.0005	19
4	3215	836.0005	20
4	3224	837.5005	19
4	3240	841.5005	20
4	3245	842.5005	19
4	3256	844.5005	20
4	3259	845.0005	19
4	3265	845.5005	18
4	3270	846.0005	19
4	3273	847.0005	18
4	3276	847.0005	17
4	3281	847.5005	18
4	3292	849.0005	19
4	3295	850.0005	20
4	3312	853.0005	19
4	3325	856.0005	20
4	3338	859.0005	19
4	3355	863.0005	20
4	3363	864.0005	19
4	3370	865.0005	18
4	3378	866.0005	19
4	3380	866.0005	20
4	3391	868.0005	19
4	3397	870.0005	20
4	3406	876.0005	19
4	3409	876.0005	18
4	3413	876.0005	19
4	3422	879.0005	20
4	3475	900.0005	19
4	3485	903.0005	20
4	3522	912.0005	19
4	3526	912.0005	18
4	3533	913.0005	19
4	3534	913.0005	20
4	3557	924.0005	19
4	3570	928.0005	20
4	3582	932.0005	19
4	3586	932.0005	18
4	3589	932.0005	17
4	3601	936.0005	18
4	3602	936.0005	19
4	3603	936.0005	20
4	3604	936.0005	19
4	3607	936.0005	18
4	3611	936.0005	19
4	3620	939.0005	20
4	3626	940.5005	19
4	3635	942.0005	18
4	3638	942.0005	17
4	3642	942.0005	18
4	3643	942.0005	17
4	3648	942.5005	18
4	3650	943.0005	19
4	3655	944.0005	18
4	3656	944.0005	17
4	3664	944.0005	18
4	3667	945.0005	19
4	3671	946.0005	20
4	3689	952.0005	19
4	3700	954.0005	20
4	3727	960.0005	19
4	3730	960.0005	18
4	3733	960.0005	17
4	3738	960.0005	18
4	3746	962.0005	19
4	3754	964.0005	20
4	3769	973.0005	19
4	3772	973.0005	18
4	3775	973.0005	17
4	3781	974.0005	18
4	3782	974.0005	19
4	3785	974.5005	18
4	3790	974.5005	19
4	3799	977.0005	20
4	3813	981.0005	19
4	3824	983.0005	20
4	3853	992.0005	19
4	3863	994.0005	18
4	3873	996.0005	19
4	3880	997.0005	18
4	3886	998.0005	19
4	3891	999.0005	20
4	3908	1004.0005	19
4	3911	1004.0005	18
4	3916	1005.0005	19
4	3918	1006.0005	20
4	3921	1008.0005	19
4	3926	1009.0005	20
4	3982	1044.0005	19
4	3986	1044.0005	18
4	3993	1045.0005	19
4	3994	1045.0005	18
4	3999	1046.0005	19
4	4004	1049.0005	20
4	4019	1054.5005	19
4	4031	1058.5005	20
4	4060	1064.5005	19
4	4069	1066.5005	20
4	4080	1068.5005	19
4	4085	1068.5005	20
4	4091	1070.0005	19
4	4096	1070.0005	20
4	4108	1073.5005	19
4	4113	1074.5005	20
4	4137	1084.0005	19
4	4142	1085.0005	20
4	4145	1085.5005	19
4	4156	1089.5005	20
4	4159	1091.0005	19
4	4167	1092.0005	20
4	4170	1092.0005	19
4	4178	1095.0005	20
4	4187	1101.0005	19
4	4192	1102.0005	20
4	4219	1114.0005	19
4	4230	1116.0005	18
4	4236	1117.0005	19
4	4242	1118.0005	18
4	4245	1118.0005	17
4	4254	1119.0005	18
4	4255	1119.0005	19
4	4272	1122.0005	20
4	4287	1125.0005	19
4	4301	1127.0005	20
4	4303	1127.0005	19
4	4312	1128.0005	18
4	4320	1129.0005	19
4	4324	1130.0005	20
4	4335	1133.0005	19
4	4349	1136.0005	20
4	4361	1138.5005	19
4	4366	1139.5005	20
4	4369	1140.0005	19
4	4375	1140.5005	18
4	4384	1142.0005	19
4	4388	1143.5005	20
4	4393	1144.0005	19
4	4401	1145.0005	20
4	4402	1145.0005	19
4	4407	1145.0005	20
4	4425	1153.0005	19
4	4433	1157.0005	20
4	4436	1158.0005	19
4	4441	1158.0005	20
4	4459	1167.5005	19
4	4464	1167.5005	20
4	4479	1173.5005	19
4	4482	1173.5005	18
4	4485	1173.5005	17
4	4489	1173.5005	18
4	4495	1175.5005	19
4	4498	1176.0005	18
4	4503	1177.5005	19
4	4505	1179.0005	20
4	4523	1186.0005	19
4	4531	1188.0005	20
4	4533	1188.0005	19
4	4543	1190.0005	20
4	4545	1190.0005	19
4	4548	1190.0005	18
4	4553	1191.0005	19
4	4556	1191.5005	18
4	4565	1192.5005	19
4	4572	1194.0005	20
4	4578	1196.0005	19
4	4592	1199.0005	20
4	4597	1200.0005	19
4	4609	1202.0005	18
4	4616	1203.0005	19
4	4624	1204.0005	18
4	4633	1206.0005	19
4	4634	1206.0005	20
4	4646	1209.5005	19
4	4649	1209.5005	18
4	4653	1209.5005	19
4	4671	1213.5005	20
4	4686	1219.0005	19
4	4695	1221.0005	20
4	4715	1228.0005	19
4	4724	1230.5005	18
4	4730	1231.0005	19
4	4738	1232.0005	18
4	4747	1233.5005	17
4	4754	1234.5005	18
4	4756	1234.5005	19
4	4760	1235.0005	18
4	4767	1236.0005	19
4	4770	1237.0005	20
4	4785	1245.0005	19
4	4788	1245.0005	18
4	4793	1246.0005	19
4	4803	1248.0005	20
4	4816	1252.0005	19
4	4829	1256.0005	20
4	4902	1300.0005	19
4	4917	1304.0005	20
4	4928	1309.0005	19
4	4935	1312.0005	20
4	4951	1321.0005	19
4	4956	1322.0005	20
4	4965	1324.5005	19
4	4977	1326.0005	18
4	4985	1327.5005	19
4	4988	1328.0005	18
4	4996	1329.0005	19
4	5007	1331.0005	20
4	5015	1332.0005	19
4	5019	1332.0005	18
4	5028	1334.0005	19
4	5034	1335.0005	20
4	5053	1339.0005	19
4	5056	1339.0005	18
4	5060	1339.0005	19
4	5076	1343.0005	20
4	5084	1344.0005	19
4	5089	1345.0005	20
4	5092	1345.5005	19
4	5109	1349.5005	20
4	5124	1352.0005	19
4	5127	1352.0005	18
4	5131	1352.0005	19
4	5132	1352.0005	18
4	5138	1352.5005	17
4	5141	1352.5005	16
4	5146	1352.5005	17
4	5150	1354.0005	18
4	5151	1354.0005	19
4	5156	1355.0005	18
4	5165	1356.0005	19
4	5169	1356.5005	20
4	5175	1358.0005	19
4	5187	1360.0005	20
4	5192	1361.0005	19
4	5195	1361.0005	18
4	5198	1361.0005	17
4	5209	1363.0005	18
4	5214	1364.0005	19
4	5219	1365.0005	20
4	5222	1366.0005	19
4	5227	1367.0005	20
4	5248	1373.5005	19
4	5251	1373.5005	18
4	5256	1374.5005	19
4	5273	1377.5005	20
4	5279	1381.0005	19
4	5282	1381.0005	18
4	5289	1383.0005	19
4	5290	1383.0005	20
4	5298	1385.0005	19
4	5301	1385.0005	18
4	5316	1389.0005	19
4	5317	1389.0005	20
4	5320	1392.0005	19
4	5325	1392.0005	20
4	5343	1399.5005	19
4	5348	1399.5005	20
4	5363	1404.5005	19
4	5368	1404.5005	20
4	5401	1416.0005	19
4	5404	1416.0005	18
4	5415	1418.0005	19
4	5419	1420.0005	20
4	5429	1429.0005	19
4	5434	1429.0005	20
4	5437	1430.0005	19
4	5445	1432.0005	20
4	5466	1440.0005	19
4	5478	1443.0005	20
4	5494	1452.0005	19
4	5512	1456.0005	20
4	5530	1460.0005	19
4	5536	1460.5005	18
4	5539	1460.5005	17
4	5547	1462.5005	18
4	5552	1463.5005	19
4	5556	1464.0005	20
4	5557	1464.0005	19
4	5560	1464.0005	18
4	5571	1468.0005	19
4	5572	1468.0005	20
4	5582	1472.0005	19
4	5590	1474.0005	20
4	5605	1480.0005	19
4	5610	1480.0005	20
4	5619	1484.0005	19
4	5625	1484.5005	18
4	5631	1485.5005	19
4	5636	1486.0005	20
4	5643	1488.0005	19
4	5644	1488.0005	18
4	5650	1488.0005	17
4	5655	1488.0005	18
4	5658	1489.0005	19
4	5673	1492.0005	20
4	5689	1500.0005	19
4	5695	1501.0005	18
4	5700	1502.0005	19
4	5711	1505.0005	20
4	5717	1506.0005	19
4	5730	1508.0005	20
4	5743	1514.0005	19
4	5753	1516.0005	20
4	5760	1520.0005	19
4	5773	1524.0005	20
4	5774	1524.0005	19
4	5777	1524.0005	18
4	5781	1524.0005	19
4	5784	1524.0005	20
4	5826	1539.0005	19
4	5831	1539.0005	20
4	5846	1542.0005	19
4	5849	1542.0005	18
4	5856	1543.0005	19
4	5869	1546.0005	20
4	5874	1548.0005	19
4	5883	1551.0005	20
4	5911	1560.0005	19
4	5922	1564.0005	20
4	5926	1565.0005	19
4	5937	1568.0005	20
4	5961	1573.5005	19
4	5966	1573.5005	20
4	6028	1597.5005	19
4	6032	1597.5005	18
4	6041	1599.5005	19
4	6042	1599.5005	20
4	6056	1604.0005	19
4	6063	1605.5005	18
4	6068	1606.5005	19
4	6075	1608.0005	20
4	6076	1608.0005	19
4	6079	1608.0005	18
4	6083	1608.0005	19
4	6092	1610.0005	20
4	6095	1612.0005	19
4	6104	1615.0005	20
4	6115	1619.5005	19
4	6124	1621.0005	18
4	6127	1621.0005	17
4	6130	1621.0005	16
4	6134	1621.0005	17
4	6137	1621.0005	18
4	6140	1621.5005	19
4	6147	1623.0005	20
4	6153	1626.0005	19
4	6156	1626.0005	18
4	6159	1626.0005	17
4	6162	1626.0005	16
4	6168	1627.0005	17
4	6174	1628.0005	18
4	6175	1628.0005	17
4	6184	1629.0005	18
4	6185	1629.0005	19
4	6187	1629.0005	20
4	6211	1633.5005	19
4	6226	1636.0005	18
4	6234	1637.5005	19
4	6241	1640.0005	20
4	6245	1641.0005	19
4	6255	1644.0005	20
4	6265	1652.0005	19
4	6270	1652.0005	20
4	6279	1656.0005	19
4	6288	1657.0005	20
4	6299	1659.5005	19
4	6304	1659.5005	20
4	6325	1664.5005	19
4	6334	1665.5005	20
4	6339	1667.0005	19
4	6361	1670.0005	20
4	6365	1670.0005	19
4	6371	1671.5005	18
4	6382	1672.5005	19
4	6388	1674.0005	20
4	6402	1677.5005	19
4	6410	1678.5005	20
4	6424	1684.0005	19
4	6437	1687.0005	20
4	6439	1687.0005	19
4	6453	1689.0005	20
4	6465	1692.0005	19
4	6470	1693.0005	20
4	6500	1701.0005	19
4	6505	1701.0005	20
4	6514	1703.5005	19
4	6523	1704.5005	18
4	6528	1705.5005	19
4	6539	1708.5005	20
4	6554	1712.0005	19
4	6560	1713.0005	18
4	6563	1713.0005	17
4	6571	1714.0005	18
4	6573	1715.0005	19
4	6576	1715.5005	18
4	6581	1715.5005	19
4	6587	1717.0005	20
4	6592	1717.5005	19
4	6601	1720.0005	18
4	6606	1720.0005	19
4	6609	1720.5005	20
4	6611	1720.5005	19
4	6614	1720.5005	18
4	6617	1720.5005	17
4	6621	1720.5005	18
4	6631	1722.5005	19
4	6633	1722.5005	18
4	6639	1723.5005	17
4	6645	1724.0005	16
4	6650	1724.0005	17
4	6653	1724.5005	18
4	6658	1725.5005	19
4	6659	1725.5005	20
4	6668	1728.0005	19
4	6673	1728.0005	20
4	6676	1728.5005	19
4	6685	1729.5005	20
4	6702	1732.0005	19
4	6711	1733.5005	18
4	6717	1735.0005	19
4	6723	1735.5005	20
4	6724	1735.5005	19
4	6730	1736.0005	18
4	6735	1736.0005	19
4	6750	1739.5005	20
4	6805	1756.0005	19
4	6818	1759.0005	20
4	6820	1759.0005	19
4	6829	1761.0005	18
4	6834	1761.0005	19
4	6836	1762.0005	20
4	6863	1772.0005	19
4	6872	1775.0005	20
4	6874	1775.0005	19
4	6886	1778.0005	18
4	6889	1778.0005	17
4	6895	1779.0005	18
4	6900	1780.0005	17
4	6909	1781.0005	18
4	6911	1781.0005	17
4	6921	1782.0005	18
4	6923	1782.0005	19
4	6924	1782.0005	18
4	6930	1782.5005	17
4	6936	1783.0005	18
4	6947	1784.5005	19
4	6952	1785.0005	20
4	6978	1789.5005	19
4	6984	1790.0005	18
4	6987	1790.0005	17
4	6999	1791.5005	16
4	7005	1792.5005	17
4	7007	1792.5005	16
4	7013	1793.0005	17
4	7018	1793.5005	18
4	7019	1793.5005	19
4	7023	1794.0005	20
4	7027	1795.5005	19
4	7036	1797.5005	18
4	7044	1799.5005	19
4	7049	1800.5005	20
4	7058	1804.0005	19
4	7061	1804.0005	18
4	7064	1804.0005	17
4	7069	1804.0005	18
4	7076	1806.0005	19
4	7077	1806.0005	18
4	7082	1806.0005	19
4	7085	1807.0005	20
4	7104	1818.0005	19
4	7116	1822.0005	20
4	7122	1823.5005	19
4	7128	1824.5005	20
4	7163	1830.5005	19
4	7171	1831.5005	18
4	7184	1833.5005	19
4	7185	1833.5005	20
4	7211	1838.5005	19
4	7223	1841.5005	20
4	7235	1844.5005	19
4	7238	1844.5005	18
4	7243	1844.5005	19
4	7250	1846.5005	20
4	7260	1849.0005	19
4	7283	1853.0005	20
4	7295	1855.0005	19
4	7317	1858.0005	20
4	7318	1858.0005	19
4	7321	1858.0005	18
4	7325	1858.0005	19
4	7329	1858.5005	18
4	7332	1858.5005	17
4	7336	1858.5005	18
4	7343	1859.5005	17
4	7348	1859.5005	18
4	7351	1860.0005	19
4	7355	1860.5005	20
4	7358	1861.5005	19
4	7375	1865.5005	20
4	7387	1869.0005	19
4	7405	1872.0005	18
4	7411	1873.0005	19
4	7427	1876.0005	20
4	7457	1887.0005	19
4	7463	1888.0005	18
4	7469	1888.5005	17
4	7474	1888.5005	18
4	7477	1889.0005	17
4	7480	1889.0005	16
4	7495	1891.0005	17
4	7496	1891.0005	18
4	7501	1892.0005	19
4	7507	1893.0005	20
4	7514	1894.0005	19
4	7524	1896.0005	20
4	7541	1901.0005	19
4	7549	1903.0005	20
4	7558	1907.0005	19
4	7564	1908.0005	20
4	7590	1919.5005	19
4	7601	1921.5005	20
4	7616	1923.5005	19
4	7627	1925.5005	20
4	7653	1934.0005	19
4	7660	1935.5005	18
4	7674	1938.0005	19
4	7677	1938.0005	18
4	7682	1939.5005	19
4	7686	1940.0005	20
4	7693	1942.0005	19
4	7706	1946.0005	20
4	7707	1946.0005	19
4	7716	1949.0005	20
4	7726	1951.0005	19
4	7730	1951.0005	18
4	7735	1952.0005	19
4	7741	1953.0005	20
4	7746	1954.0005	19
4	7754	1955.0005	20
4	7766	1958.5005	19
4	7777	1959.5005	20
4	7783	1960.0005	19
4	7792	1961.5005	18
4	7801	1963.0005	19
4	7809	1964.5005	20
4	7821	1966.0005	19
4	7828	1966.0005	20
4	7834	1967.5005	19
4	7837	1967.5005	18
4	7845	1968.5005	19
4	7856	1970.0005	18
4	7863	1970.5005	19
4	7865	1970.5005	18
4	7878	1972.5005	19
4	7881	1973.0005	20
4	7893	1978.0005	19
4	7899	1979.0005	18
4	7902	1979.0005	17
4	7914	1981.0005	18
4	7916	1981.0005	17
4	7926	1982.0005	18
4	7927	1982.0005	19
4	7929	1982.0005	20
4	7930	1982.0005	19
4	7940	1984.0005	20
4	7951	1987.0005	19
4	7958	1988.0005	20
4	7965	1990.0005	19
4	7968	1990.0005	18
4	7974	1991.0005	17
4	7982	1992.0005	18
4	7983	1992.0005	19
4	7985	1992.0005	20
4	8016	2003.0005	19
4	8019	2003.0005	18
4	8031	2006.0005	19
4	8032	2006.0005	20
4	8079	2018.0005	19
4	8083	2018.0005	18
4	8088	2018.0005	19
4	8099	2022.0005	20
4	8105	2023.0005	19
4	8114	2025.0005	20
4	8122	2026.0005	19
4	8132	2028.0005	20
4	8165	2038.0005	19
4	8173	2039.0005	20
4	8186	2046.0005	19
4	8191	2046.0005	20
4	8194	2048.0005	19
4	8199	2048.0005	20
4	8238	2057.5005	19
4	8246	2058.5005	20
4	8264	2066.0005	19
4	8269	2067.0005	20
4	8278	2072.0005	19
4	8283	2072.0005	20
4	8289	2074.0005	19
4	8292	2074.0005	18
4	8301	2076.0005	19
4	8302	2076.0005	20
4	8323	2082.0005	19
4	8334	2084.0005	20
4	8345	2087.5005	19
4	8361	2090.5005	20
4	8387	2097.0005	19
4	8396	2098.0005	20
4	8398	2098.0005	19
4	8417	2102.0005	20
4	8442	2114.0005	19
4	8447	2114.0005	20
4	8450	2116.0005	19
4	8456	2117.0005	18
4	8467	2119.0005	19
4	8470	2120.0005	20
4	8472	2120.0005	19
4	8481	2122.0005	20
4	8489	2125.5005	19
4	8501	2127.5005	18
4	8507	2128.5005	19
4	8515	2131.5005	20
4	8534	2138.0005	19
4	8544	2140.0005	20
4	8554	2142.0005	19
4	8566	2146.0005	20
4	8568	2146.0005	19
4	8583	2149.0005	20
4	8607	2156.0005	19
4	8612	2157.0005	20
4	8621	2158.0005	19
4	8628	2160.0005	20
4	8635	2162.0005	19
4	8638	2162.0005	18
4	8643	2162.0005	19
4	8651	2164.0005	18
4	8658	2165.0005	19
4	8659	2165.0005	20
4	8664	2166.0005	19
4	8684	2170.0005	20
4	8691	2173.0005	19
4	8698	2174.0005	20
4	8702	2174.5005	19
4	8716	2177.5005	20
4	8773	2196.5005	19
4	8776	2196.5005	18
4	8787	2198.5005	19
4	8790	2199.5005	18
4	8795	2199.5005	19
4	8800	2200.5005	20
4	8824	2210.0005	19
4	8827	2210.0005	18
4	8830	2210.0005	17
4	8838	2211.0005	18
4	8839	2211.0005	19
4	8843	2212.0005	20
4	8887	2223.0005	19
4	8893	2225.0005	18
4	8898	2225.0005	19
4	8903	2226.0005	18
4	8904	2226.0005	17
4	8912	2227.0005	18
4	8915	2229.0005	19
4	8916	2229.0005	20
